micro
asd
ass
2023-03-17
278.26
283.33
276.32
279.43
6.94922e+07
279.43
2023-03-16
265.21
276.56
263.28
276.2
5.47688e+07
276.2
2023-03-15
259.98
266.48
259.21
265.44
4.6028e+07
265.44
2023-03-14
256.75
261.07
255.86
260.79
3.36203e+07
260.79
2023-03-13
247.4
257.91
245.73
253.92
3.33397e+07
253.92
2023-03-10
251.08
252.79
247.6
248.59
2.83218e+07
248.59
2023-03-09
255.82
259.56
251.58
252.32
2.66534e+07
252.32
2023-03-08
254.04
254.54
250.81
253.7
1.73402e+07
253.7
2023-03-07
256.3
257.69
253.39
254.15
2.14732e+07
254.15
2023-03-06
256.43
260.12
255.98
256.87
2.41098e+07
256.87
2023-03-03
252.19
255.62
251.39
255.29
3.07413e+07
255.29
2023-03-02
246.55
251.4
245.61
251.11
2.48082e+07
251.11
2023-03-01
250.76
250.93
245.79
246.27
2.75653e+07
246.27
2023-02-28
249.07
251.49
248.73
249.42
2.2491e+07
249.42
2023-02-27
252.46
252.82
249.39
250.16
2.119e+07
250.16
2023-02-24
249.96
251
248.1
249.22
2.49909e+07
249.22
2023-02-23
255.56
256.84
250.48
254.77
2.92191e+07
254.77
2023-02-22
254.09
254.34
250.34
251.51
2.24911e+07
251.51
2023-02-21
254.48
255.49
251.59
252.67
2.83974e+07
252.67
2023-02-17
259.39
260.09
256
258.06
3.00001e+07
258.06
2023-02-16
264.02
266.74
261.9
262.15
2.96036e+07
262.15
2023-02-15
268.32
270.73
266.18
269.32
2.89224e+07
269.32
2023-02-14
272.67
274.97
269.28
272.17
3.70479e+07
271.49
2023-02-13
267.64
274.6
267.15
271.32
4.46309e+07
270.642
2023-02-10
261.53
264.09
260.66
263.1
2.58185e+07
262.443
2023-02-09
273.8
273.98
262.8
263.62
4.23751e+07
262.961
2023-02-08
273.2
276.76
266.21
266.73
5.4686e+07
266.064
2023-02-07
260.53
268.77
260.08
267.56
5.08414e+07
266.892
2023-02-06
257.44
258.3
254.78
256.77
2.2518e+07
256.128
2023-02-03
259.54
264.2
257.1
258.35
2.90773e+07
257.705
micro
asd
ass
2023-03-17
278.26
283.33
276.32
279.43
6.94922e+07
279.43
2023-03-16
265.21
276.56
263.28
276.2
5.47688e+07
276.2
2023-03-15
259.98
266.48
259.21
265.44
4.6028e+07
265.44
2023-03-14
256.75
261.07
255.86
260.79
3.36203e+07
260.79
2023-03-13
247.4
257.91
245.73
253.92
3.33397e+07
253.92
2023-03-10
251.08
252.79
247.6
248.59
2.83218e+07
248.59
2023-03-09
255.82
259.56
251.58
252.32
2.66534e+07
252.32
2023-03-08
254.04
254.54
250.81
253.7
1.73402e+07
253.7
2023-03-07
256.3
257.69
253.39
254.15
2.14732e+07
254.15
2023-03-06
256.43
260.12
255.98
256.87
2.41098e+07
256.87
2023-03-03
252.19
255.62
251.39
255.29
3.07413e+07
255.29
2023-03-02
246.55
251.4
245.61
251.11
2.48082e+07
251.11
2023-03-01
250.76
250.93
245.79
246.27
2.75653e+07
246.27
2023-02-28
249.07
251.49
248.73
249.42
2.2491e+07
249.42
2023-02-27
252.46
252.82
249.39
250.16
2.119e+07
250.16
2023-02-24
249.96
251
248.1
249.22
2.49909e+07
249.22
2023-02-23
255.56
256.84
250.48
254.77
2.92191e+07
254.77
2023-02-22
254.09
254.34
250.34
251.51
2.24911e+07
251.51
2023-02-21
254.48
255.49
251.59
252.67
2.83974e+07
252.67
2023-02-17
259.39
260.09
256
258.06
3.00001e+07
258.06
2023-02-16
264.02
266.74
261.9
262.15
2.96036e+07
262.15
2023-02-15
268.32
270.73
266.18
269.32
2.89224e+07
269.32
2023-02-14
272.67
274.97
269.28
272.17
3.70479e+07
271.49
2023-02-13
267.64
274.6
267.15
271.32
4.46309e+07
270.642
2023-02-10
261.53
264.09
260.66
263.1
2.58185e+07
262.443
2023-02-09
273.8
273.98
262.8
263.62
4.23751e+07
262.961
2023-02-08
273.2
276.76
266.21
266.73
5.4686e+07
266.064
2023-02-07
260.53
268.77
260.08
267.56
5.08414e+07
266.892
2023-02-06
257.44
258.3
254.78
256.77
2.2518e+07
256.128
2023-02-03
259.54
264.2
257.1
258.35
2.90773e+07
257.705
